5.0081, 
8.8623, 
8.8747, 
-0.8481, 
-11.6468, 
-10.2502, 
-4.1989, 
-2.1523, 
1.7873, 
6.3849, 
0.9402, 
-2.7613, 
8.8623, 
21.2678, 
21.2631, 
-2.5114, 
-26.0295, 
-22.8522, 
-10.2244, 
-6.3757, 
2.6931, 
15.7404, 
3.7895, 
-5.6230, 
8.8747, 
21.2631, 
23.5851, 
-2.6765, 
-27.5257, 
-23.5207, 
-10.8081, 
-6.2969, 
2.8050, 
16.9005, 
3.6784, 
-6.2790, 
-0.8481, 
-2.5114, 
-2.6765, 
0.8341, 
2.8180, 
2.3839, 
1.5292, 
0.9224, 
0.0282, 
-1.9259, 
-0.8771, 
0.3232, 
-11.6468, 
-26.0295, 
-27.5257, 
2.8180, 
33.8491, 
28.5350, 
12.5765, 
7.2143, 
-3.7936, 
-20.0240, 
-3.7639, 
7.7907, 
-10.2502, 
-22.8522, 
-23.5207, 
2.3839, 
28.5350, 
25.7043, 
11.1257, 
6.6881, 
-3.5201, 
-17.0760, 
-3.7671, 
6.5494, 
-4.1989, 
-10.2244, 
-10.8081, 
1.5292, 
12.5765, 
11.1257, 
6.7978, 
3.4495, 
-1.3058, 
-8.9784, 
-2.4361, 
2.4731, 
-2.1523, 
-6.3757, 
-6.2969, 
0.9224, 
7.2143, 
6.6881, 
3.4495, 
3.7429, 
-0.5370, 
-5.5472, 
-1.9545, 
0.8463, 
1.7873, 
2.6931, 
2.8050, 
0.0282, 
-3.7936, 
-3.5201, 
-1.3058, 
-0.5370, 
1.7002, 
2.0708, 
-0.4147, 
-1.5134, 
6.3849, 
15.7404, 
16.9005, 
-1.9259, 
-20.0240, 
-17.0760, 
-8.9784, 
-5.5472, 
2.0708, 
14.5895, 
2.4100, 
-4.5447, 
0.9402, 
3.7895, 
3.6784, 
-0.8771, 
-3.7639, 
-3.7671, 
-2.4361, 
-1.9545, 
-0.4147, 
2.4100, 
2.6811, 
-0.2857, 
-2.7613, 
-5.6230, 
-6.2790, 
0.3232, 
7.7907, 
6.5494, 
2.4731, 
0.8463, 
-1.5134, 
-4.5447, 
-0.2857, 
3.0245, 
