5.7011, 
8.2513, 
10.5598, 
0.1450, 
-14.2118, 
-10.4454, 
5.5642, 
3.0596, 
-0.2770, 
-8.2568, 
-2.8896, 
2.7995, 
8.2513, 
15.3903, 
18.6435, 
0.2543, 
-24.0892, 
-18.4502, 
10.2527, 
6.2953, 
-0.3657, 
-14.7156, 
-5.6815, 
4.2147, 
10.5598, 
18.6435, 
29.5634, 
0.5078, 
-34.8431, 
-24.4315, 
14.2697, 
9.4017, 
1.3759, 
-22.4667, 
-8.1852, 
5.6045, 
0.1450, 
0.2543, 
0.5078, 
1.4404, 
-1.6124, 
-0.7351, 
0.8102, 
0.7693, 
-0.5567, 
-1.8518, 
0.1297, 
0.6993, 
-14.2118, 
-24.0892, 
-34.8431, 
-1.6124, 
44.1806, 
30.5760, 
-17.8825, 
-11.1920, 
0.1021, 
27.8102, 
9.2903, 
-8.1281, 
-10.4454, 
-18.4502, 
-24.4315, 
-0.7351, 
30.5760, 
23.4861, 
-13.0144, 
-8.3339, 
-0.2787, 
19.4806, 
7.3363, 
-5.1899, 
5.5642, 
10.2527, 
14.2697, 
0.8102, 
-17.8825, 
-13.0144, 
8.2394, 
5.3571, 
0.1399, 
-12.1417, 
-4.5405, 
2.9460, 
3.0596, 
6.2953, 
9.4017, 
0.7693, 
-11.1920, 
-8.3339, 
5.3571, 
4.6059, 
0.2878, 
-8.6942, 
-2.8998, 
1.3432, 
-0.2770, 
-0.3657, 
1.3759, 
-0.5567, 
0.1021, 
-0.2787, 
0.1399, 
0.2878, 
1.7720, 
-0.4701, 
-0.9971, 
-0.7325, 
-8.2568, 
-14.7156, 
-22.4667, 
-1.8518, 
27.8102, 
19.4806, 
-12.1417, 
-8.6942, 
-0.4701, 
20.0540, 
6.0407, 
-4.7887, 
-2.8896, 
-5.6815, 
-8.1852, 
0.1297, 
9.2903, 
7.3363, 
-4.5405, 
-2.8998, 
-0.9971, 
6.0407, 
3.6788, 
-1.2821, 
2.7995, 
4.2147, 
5.6045, 
0.6993, 
-8.1281, 
-5.1899, 
2.9460, 
1.3432, 
-0.7325, 
-4.7887, 
-1.2821, 
2.5142, 
