0.001773, 
-0.000631, 
-0.001205, 
0.000602, 
-0.000298, 
-0.000241, 
0.000238, 
-0.000055, 
-0.000102, 
-0.000503, 
0.000069, 
0.000353, 
-0.000631, 
0.001215, 
0.000242, 
-0.001042, 
0.000226, 
-0.000011, 
-0.000391, 
0.000001, 
-0.000238, 
0.000853, 
0.000098, 
-0.000323, 
-0.001205, 
0.000242, 
0.001750, 
-0.001147, 
0.000277, 
0.000084, 
-0.000446, 
-0.000254, 
0.000067, 
0.000904, 
0.000114, 
-0.000386, 
0.000602, 
-0.001042, 
-0.001147, 
0.002939, 
-0.000892, 
-0.000460, 
-0.000005, 
-0.000087, 
0.000700, 
-0.000833, 
-0.000207, 
0.000431, 
-0.000298, 
0.000226, 
0.000277, 
-0.000892, 
0.001185, 
-0.000498, 
0.000536, 
0.000333, 
-0.000154, 
-0.000024, 
-0.000324, 
-0.000366, 
-0.000241, 
-0.000011, 
0.000084, 
-0.000460, 
-0.000498, 
0.001127, 
0.000068, 
0.000062, 
-0.000274, 
-0.000398, 
0.000251, 
0.000290, 
0.000238, 
-0.000391, 
-0.000446, 
-0.000005, 
0.000536, 
0.000068, 
0.001358, 
0.000191, 
-0.000057, 
-0.000628, 
-0.000514, 
-0.000350, 
-0.000055, 
0.000001, 
-0.000254, 
-0.000087, 
0.000333, 
0.000062, 
0.000191, 
0.001380, 
0.000125, 
-0.000221, 
-0.000714, 
-0.000761, 
-0.000102, 
-0.000238, 
0.000067, 
0.000700, 
-0.000154, 
-0.000274, 
-0.000057, 
0.000125, 
0.001939, 
-0.000283, 
-0.001005, 
-0.000719, 
-0.000503, 
0.000853, 
0.000904, 
-0.000833, 
-0.000024, 
-0.000398, 
-0.000628, 
-0.000221, 
-0.000283, 
0.001926, 
-0.000200, 
-0.000594, 
0.000069, 
0.000098, 
0.000114, 
-0.000207, 
-0.000324, 
0.000251, 
-0.000514, 
-0.000714, 
-0.001005, 
-0.000200, 
0.001712, 
0.000722, 
0.000353, 
-0.000323, 
-0.000386, 
0.000431, 
-0.000366, 
0.000290, 
-0.000350, 
-0.000761, 
-0.000719, 
-0.000594, 
0.000722, 
0.001703, 
