0.000919, 
-0.000184, 
-0.000312, 
0.000020, 
-0.000134, 
-0.000309, 
0.000149, 
0.000292, 
0.000021, 
-0.000146, 
-0.000290, 
-0.000026, 
-0.000184, 
0.001114, 
-0.000295, 
-0.000946, 
0.000400, 
-0.000089, 
0.000156, 
-0.000005, 
0.000343, 
-0.000451, 
-0.000128, 
0.000084, 
-0.000312, 
-0.000295, 
0.000731, 
-0.000039, 
-0.000042, 
-0.000044, 
0.000203, 
0.000098, 
-0.000140, 
-0.000205, 
-0.000052, 
0.000095, 
0.000020, 
-0.000946, 
-0.000039, 
0.001912, 
-0.000847, 
-0.000099, 
0.000133, 
0.000153, 
-0.000534, 
0.000312, 
0.000099, 
-0.000163, 
-0.000134, 
0.000400, 
-0.000042, 
-0.000847, 
0.001016, 
-0.000393, 
-0.000266, 
-0.000227, 
0.000342, 
0.000097, 
0.000110, 
-0.000057, 
-0.000309, 
-0.000089, 
-0.000044, 
-0.000099, 
-0.000393, 
0.000934, 
-0.000376, 
-0.000311, 
-0.000032, 
0.000392, 
0.000260, 
0.000067, 
0.000149, 
0.000156, 
0.000203, 
0.000133, 
-0.000266, 
-0.000376, 
0.001073, 
0.000212, 
-0.000087, 
-0.000396, 
-0.000519, 
-0.000284, 
0.000292, 
-0.000005, 
0.000098, 
0.000153, 
-0.000227, 
-0.000311, 
0.000212, 
0.001316, 
0.000248, 
-0.000368, 
-0.000745, 
-0.000662, 
0.000021, 
0.000343, 
-0.000140, 
-0.000534, 
0.000342, 
-0.000032, 
-0.000087, 
0.000248, 
0.001577, 
-0.000376, 
-0.000725, 
-0.000637, 
-0.000146, 
-0.000451, 
-0.000205, 
0.000312, 
0.000097, 
0.000392, 
-0.000396, 
-0.000368, 
-0.000376, 
0.001126, 
0.000135, 
-0.000121, 
-0.000290, 
-0.000128, 
-0.000052, 
0.000099, 
0.000110, 
0.000260, 
-0.000519, 
-0.000745, 
-0.000725, 
0.000135, 
0.001459, 
0.000394, 
-0.000026, 
0.000084, 
0.000095, 
-0.000163, 
-0.000057, 
0.000067, 
-0.000284, 
-0.000662, 
-0.000637, 
-0.000121, 
0.000394, 
0.001309, 
